PSF-Zero error: median 5.18e-15, max 6.15e-14 | Qiskit error: median 8.72e-15, max 1.81e-13

Ten worst pairs for PSF-Zero:
pair   err_psf    err_qk       a       b        c   gap_eig    gap_re    gap_im
   0  6.15e-14  7.97e-15  0.5738  0.4190  -0.0575  6.09e-01  6.99e-02  5.43e-01
  19  5.46e-14  8.06e-15  0.6257  0.2644  -0.0103  9.73e-01  2.72e-02  3.06e-01
  24  5.30e-14  2.28e-14  0.6885  0.2749  -0.0729  7.86e-01  2.14e-01  1.51e-01
  51  4.65e-14  1.19e-14  0.7442  0.4407  -0.0350  1.14e+00  7.98e-02  1.20e-01
  10  4.02e-14  8.22e-15  0.6978  0.5190   0.0318  7.00e-01  4.45e-02  2.88e-01
  43  3.17e-14  1.01e-14  0.6390  0.1738  -0.0402  5.28e-01  1.29e-01  1.52e-01
  56  2.84e-14  7.50e-15  0.7630  0.5501  -0.0244  8.26e-01  4.04e-02  7.77e-02
  39  2.51e-14  4.16e-14  0.3669  0.3069  -0.0775  2.39e-01  3.69e-02  2.36e-01
  23  2.20e-14  1.30e-14  0.5610  0.3128   0.1126  7.79e-01  2.13e-01  3.38e-01
  30  1.87e-14  6.88e-15  0.4911  0.3331   0.0384  6.21e-01  4.76e-02  6.17e-01

Spearman rank correlation of PSF-Zero's error with:
  gap_eig    -0.01
  gap_re     -0.14
  gap_im     +0.07
  weyl_a     -0.00
  weyl_b     +0.18
  weyl_c     -0.09
  err_qiskit -0.10

Wrote diag_core_worst_pairs_2026-09-26.csv
