H(0)
H(3)
H(6)
H(9)
H(12)
H(15)
H(18)
H(21)
H(23)
H(25)
QubitUnitary(array([[1, 0, 0, 0],
       [0, 1, 0, 0],
       [0, 0, 0, 1],
       [0, 0, 1, 0]]), wires=[0, 1])
QubitUnitary(array([[1, 0, 0, 0],
       [0, 1, 0, 0],
       [0, 0, 0, 1],
       [0, 0, 1, 0]]), wires=[1, 2])
QubitUnitary(array([[1, 0, 0, 0],
       [0, 1, 0, 0],
       [0, 0, 0, 1],
       [0, 0, 1, 0]]), wires=[3, 4])
QubitUnitary(array([[1, 0, 0, 0],
       [0, 1, 0, 0],
       [0, 0, 0, 1],
       [0, 0, 1, 0]]), wires=[4, 5])
QubitUnitary(array([[1, 0, 0, 0],
       [0, 1, 0, 0],
       [0, 0, 0, 1],
       [0, 0, 1, 0]]), wires=[6, 7])
QubitUnitary(array([[1, 0, 0, 0],
       [0, 1, 0, 0],
       [0, 0, 0, 1],
       [0, 0, 1, 0]]), wires=[7, 8])
QubitUnitary(array([[1, 0, 0, 0],
       [0, 1, 0, 0],
       [0, 0, 0, 1],
       [0, 0, 1, 0]]), wires=[9, 10])
QubitUnitary(array([[1, 0, 0, 0],
       [0, 1, 0, 0],
       [0, 0, 0, 1],
       [0, 0, 1, 0]]), wires=[10, 11])
QubitUnitary(array([[1, 0, 0, 0],
       [0, 1, 0, 0],
       [0, 0, 0, 1],
       [0, 0, 1, 0]]), wires=[12, 13])
QubitUnitary(array([[1, 0, 0, 0],
       [0, 1, 0, 0],
       [0, 0, 0, 1],
       [0, 0, 1, 0]]), wires=[13, 14])
QubitUnitary(array([[1, 0, 0, 0],
       [0, 1, 0, 0],
       [0, 0, 0, 1],
       [0, 0, 1, 0]]), wires=[15, 16])
QubitUnitary(array([[1, 0, 0, 0],
       [0, 1, 0, 0],
       [0, 0, 0, 1],
       [0, 0, 1, 0]]), wires=[16, 17])
QubitUnitary(array([[1, 0, 0, 0],
       [0, 1, 0, 0],
       [0, 0, 0, 1],
       [0, 0, 1, 0]]), wires=[18, 19])
QubitUnitary(array([[1, 0, 0, 0],
       [0, 1, 0, 0],
       [0, 0, 0, 1],
       [0, 0, 1, 0]]), wires=[19, 20])
QubitUnitary(array([[1, 0, 0, 0],
       [0, 1, 0, 0],
       [0, 0, 0, 1],
       [0, 0, 1, 0]]), wires=[21, 22])
QubitUnitary(array([[1, 0, 0, 0],
       [0, 1, 0, 0],
       [0, 0, 0, 1],
       [0, 0, 1, 0]]), wires=[23, 24])
QubitUnitary(array([[1, 0, 0, 0],
       [0, 1, 0, 0],
       [0, 0, 0, 1],
       [0, 0, 1, 0]]), wires=[25, 26])