H(0)
QubitUnitary(array([[1, 0, 0, 0],
       [0, 1, 0, 0],
       [0, 0, 0, 1],
       [0, 0, 1, 0]]), wires=[0, 1])
QubitUnitary(array([[1, 0, 0, 0],
       [0, 1, 0, 0],
       [0, 0, 0, 1],
       [0, 0, 1, 0]]), wires=[0, 2])
H(3)
QubitUnitary(array([[1, 0, 0, 0],
       [0, 1, 0, 0],
       [0, 0, 0, 1],
       [0, 0, 1, 0]]), wires=[3, 4])
QubitUnitary(array([[1, 0, 0, 0],
       [0, 1, 0, 0],
       [0, 0, 0, 1],
       [0, 0, 1, 0]]), wires=[3, 5])
H(6)
QubitUnitary(array([[1, 0, 0, 0],
       [0, 1, 0, 0],
       [0, 0, 0, 1],
       [0, 0, 1, 0]]), wires=[6, 7])
QubitUnitary(array([[1, 0, 0, 0],
       [0, 1, 0, 0],
       [0, 0, 0, 1],
       [0, 0, 1, 0]]), wires=[6, 8])
H(9)
QubitUnitary(array([[1, 0, 0, 0],
       [0, 1, 0, 0],
       [0, 0, 0, 1],
       [0, 0, 1, 0]]), wires=[9, 10])
QubitUnitary(array([[1, 0, 0, 0],
       [0, 1, 0, 0],
       [0, 0, 0, 1],
       [0, 0, 1, 0]]), wires=[9, 11])
H(12)
QubitUnitary(array([[1, 0, 0, 0],
       [0, 1, 0, 0],
       [0, 0, 0, 1],
       [0, 0, 1, 0]]), wires=[12, 13])
QubitUnitary(array([[1, 0, 0, 0],
       [0, 1, 0, 0],
       [0, 0, 0, 1],
       [0, 0, 1, 0]]), wires=[12, 14])
H(15)
QubitUnitary(array([[1, 0, 0, 0],
       [0, 1, 0, 0],
       [0, 0, 0, 1],
       [0, 0, 1, 0]]), wires=[15, 16])
QubitUnitary(array([[1, 0, 0, 0],
       [0, 1, 0, 0],
       [0, 0, 0, 1],
       [0, 0, 1, 0]]), wires=[15, 17])
H(18)
QubitUnitary(array([[1, 0, 0, 0],
       [0, 1, 0, 0],
       [0, 0, 0, 1],
       [0, 0, 1, 0]]), wires=[18, 19])
QubitUnitary(array([[1, 0, 0, 0],
       [0, 1, 0, 0],
       [0, 0, 0, 1],
       [0, 0, 1, 0]]), wires=[18, 20])
H(21)
QubitUnitary(array([[1, 0, 0, 0],
       [0, 1, 0, 0],
       [0, 0, 0, 1],
       [0, 0, 1, 0]]), wires=[21, 22])
H(23)
QubitUnitary(array([[1, 0, 0, 0],
       [0, 1, 0, 0],
       [0, 0, 0, 1],
       [0, 0, 1, 0]]), wires=[23, 24])
H(25)
QubitUnitary(array([[1, 0, 0, 0],
       [0, 1, 0, 0],
       [0, 0, 0, 1],
       [0, 0, 1, 0]]), wires=[25, 26])